Version 0.9.7
4
 4 26 253 77 128 0 1
 5 583 459 206 81 2 2
 0 156 163 877 276 8 3
 6 543 27 449 130 140 4
 1
28
 255 5 87 267 87 267 87 190 87 190 209 190 209 190 0 1 0 3
 255 5 976 190 976 190 1020 190 1020 411 976 411 976 411 0 3 0 3
 255 5 599 411 599 411 599 470 599 470 598 470 598 470 0 3 0 2
 255 5 820 372 820 372 820 372 820 411 820 411 820 411 0 3 0 3
 0 5 87 366 87 366 87 424 87 424 209 424 209 424 0 1 0 3
 0 5 976 177 976 177 1042 177 1042 424 976 424 976 424 0 3 0 3
 0 5 820 229 820 229 820 229 820 177 820 177 820 177 0 3 0 3
 0 5 833 372 833 372 833 372 833 424 833 424 833 424 0 3 0 3
 0 5 846 372 846 372 846 372 846 424 846 424 846 424 0 3 0 3
 0 5 794 372 794 372 794 372 794 424 794 424 794 424 0 3 0 3
 0 5 781 372 781 372 781 372 781 424 781 424 781 424 0 3 0 3
 0 5 598 528 598 528 573 528 573 528 573 424 573 424 0 2 0 3
 16711680 5 756 470 756 470 756 268 756 268 768 268 768 268 0 2 0 3
 65280 5 768 333 768 333 742 333 742 255 794 255 794 255 0 3 0 3
 0 5 976 372 976 372 976 372 963 372 963 424 963 424 0 3 0 3
 255 5 885 229 885 229 885 229 885 190 885 190 885 190 0 3 0 3
 8388736 5 794 268 794 268 794 360 963 360 963 359 963 359 0 3 0 3
 8388736 5 833 268 833 268 833 268 833 333 885 333 885 333 0 3 0 3
 8388736 5 846 268 846 268 845 268 845 302 898 302 898 333 0 3 0 3
 8388736 5 807 255 807 255 807 343 950 343 950 333 950 333 0 3 0 3
 255 5 559 54 559 54 559 54 534 54 534 190 534 190 0 4 0 3
 4227327 5 924 229 924 226 870 226 870 162 892 162 892 150 0 3 0 4
 4227327 5 937 229 939 229 939 217 905 217 905 150 905 150 0 3 0 4
 4227327 5 950 229 950 229 950 206 918 206 918 150 918 150 0 3 0 4
 4227327 5 963 229 963 229 968 229 968 200 931 200 931 150 0 3 0 4
 4227327 5 976 229 976 229 977 229 977 191 944 191 944 150 0 3 0 4
 4227327 5 898 242 898 242 994 242 994 181 957 181 957 150 0 3 0 4
 4227327 5 911 255 911 255 1006 255 1006 168 970 168 970 150 0 3 0 4
2
 7090 1 14 762 281 5 0 0 51944 3
 7047 1 16 879 281 5 0 0 51944 3
